glob3/s3xtante/test_data/dem.asc
NCOLS 601
NROWS 410
XLLCORNER 262846.525725
YLLCORNER 4454025.000000
CELLSIZE 25.000000
NODATA_VALUE -32768.000000
[rows 0 to 24 of 410, columns 285 to 341 of 601]
2060.00000 2049.00000 2039.00000 2030.00000 2022.00000 2007.00000 1993.00000 1982.00000 1975.00000 1970.00000 1966.00000 1964.00000 1962.00000 1960.00000 1956.00000 1949.00000 1939.00000 1931.00000 1921.00000 1915.00000 1909.00000 1902.00000 1898.00000 1894.00000 1892.00000 1889.00000 1887.00000 1885.00000 1886.00000 1888.00000 1889.00000 1890.00000 1890.00000 1893.00000 1895.00000 1898.00000 1901.00000 1906.00000 1912.00000 1913.00000 1908.00000 1903.00000 1901.00000 1901.00000 1905.00000 1908.00000 1914.00000 1918.00000 1918.00000 1919.00000 1919.00000 1920.00000 1917.00000 1916.00000 1916.00000 1916.00000 1921.00000
2062.00000 2053.00000 2044.00000 2036.00000 2028.00000 2019.00000 2000.00000 1989.00000 1980.00000 1975.00000 1971.00000 1969.00000 1966.00000 1964.00000 1962.00000 1955.00000 1942.00000 1931.00000 1922.00000 1915.00000 1908.00000 1902.00000 1898.00000 1895.00000 1893.00000 1890.00000 1887.00000 1886.00000 1888.00000 1890.00000 1892.00000 1892.00000 1893.00000 1896.00000 1898.00000 1901.00000 1904.00000 1907.00000 1913.00000 1916.00000 1915.00000 1910.00000 1911.00000 1914.00000 1920.00000 1924.00000 1928.00000 1931.00000 1930.00000 1931.00000 1931.00000 1932.00000 1930.00000 1929.00000 1929.00000 1930.00000 1935.00000
2063.00000 2055.00000 2048.00000 2041.00000 2032.00000 2025.00000 2011.00000 1997.00000 1988.00000 1979.00000 1975.00000 1972.00000 1970.00000 1967.00000 1964.00000 1960.00000 1945.00000 1933.00000 1923.00000 1915.00000 1910.00000 1904.00000 1899.00000 1896.00000 1893.00000 1891.00000 1888.00000 1888.00000 1890.00000 1892.00000 1894.00000 1895.00000 1896.00000 1899.00000 1902.00000 1904.00000 1907.00000 1910.00000 1914.00000 1917.00000 1918.00000 1917.00000 1921.00000 1927.00000 1933.00000 1937.00000 1940.00000 1942.00000 1942.00000 1942.00000 1943.00000 1944.00000 1942.00000 1941.00000 1940.00000 1944.00000 1947.00000
2062.00000 2057.00000 2051.00000 2044.00000 2037.00000 2027.00000 2017.00000 2005.00000 1998.00000 1987.00000 1978.00000 1975.00000 1972.00000 1968.00000 1964.00000 1960.00000 1948.00000 1935.00000 1923.00000 1915.00000 1910.00000 1905.00000 1900.00000 1897.00000 1894.00000 1891.00000 1889.00000 1890.00000 1892.00000 1894.00000 1896.00000 1898.00000 1899.00000 1902.00000 1905.00000 1908.00000 1910.00000 1913.00000 1915.00000 1919.00000 1920.00000 1925.00000 1932.00000 1938.00000 1942.00000 1947.00000 1952.00000 1953.00000 1952.00000 1953.00000 1955.00000 1955.00000 1956.00000 1955.00000 1955.00000 1955.00000 1958.00000
2066.00000 2061.00000 2055.00000 2048.00000 2042.00000 2032.00000 2022.00000 2013.00000 2007.00000 2000.00000 1985.00000 1977.00000 1973.00000 1969.00000 1965.00000 1961.00000 1951.00000 1939.00000 1925.00000 1916.00000 1911.00000 1905.00000 1900.00000 1897.00000 1895.00000 1892.00000 1891.00000 1892.00000 1894.00000 1896.00000 1898.00000 1900.00000 1903.00000 1905.00000 1908.00000 1911.00000 1914.00000 1916.00000 1919.00000 1923.00000 1929.00000 1935.00000 1941.00000 1945.00000 1949.00000 1953.00000 1957.00000 1960.00000 1962.00000 1964.00000 1966.00000 1967.00000 1967.00000 1967.00000 1967.00000 1967.00000 1968.00000
2069.00000 2063.00000 2057.00000 2050.00000 2042.00000 2033.00000 2025.00000 2018.00000 2012.00000 2005.00000 1999.00000 1984.00000 1977.00000 1973.00000 1967.00000 1961.00000 1952.00000 1943.00000 1929.00000 1916.00000 1910.00000 1904.00000 1899.00000 1897.00000 1894.00000 1892.00000 1893.00000 1894.00000 1896.00000 1898.00000 1900.00000 1903.00000 1907.00000 1909.00000 1912.00000 1915.00000 1918.00000 1920.00000 1925.00000 1931.00000 1938.00000 1943.00000 1946.00000 1951.00000 1956.00000 1960.00000 1964.00000 1967.00000 1971.00000 1973.00000 1976.00000 1978.00000 1978.00000 1978.00000 1978.00000 1978.00000 1978.00000
2070.00000 2064.00000 2057.00000 2049.00000 2042.00000 2035.00000 2027.00000 2019.00000 2013.00000 2008.00000 2003.00000 1995.00000 1981.00000 1974.00000 1968.00000 1960.00000 1952.00000 1943.00000 1931.00000 1918.00000 1910.00000 1902.00000 1898.00000 1896.00000 1895.00000 1894.00000 1895.00000 1897.00000 1898.00000 1900.00000 1903.00000 1907.00000 1910.00000 1914.00000 1916.00000 1919.00000 1922.00000 1928.00000 1933.00000 1939.00000 1944.00000 1948.00000 1952.00000 1955.00000 1962.00000 1967.00000 1971.00000 1975.00000 1979.00000 1982.00000 1984.00000 1986.00000 1986.00000 1987.00000 1987.00000 1988.00000 1988.00000
2071.00000 2064.00000 2057.00000 2049.00000 2041.00000 2034.00000 2027.00000 2020.00000 2015.00000 2010.00000 2005.00000 2000.00000 1988.00000 1977.00000 1969.00000 1959.00000 1951.00000 1943.00000 1934.00000 1923.00000 1912.00000 1902.00000 1898.00000 1898.00000 1898.00000 1898.00000 1898.00000 1899.00000 1902.00000 1905.00000 1908.00000 1911.00000 1914.00000 1918.00000 1921.00000 1924.00000 1928.00000 1933.00000 1939.00000 1944.00000 1949.00000 1952.00000 1957.00000 1962.00000 1968.00000 1973.00000 1979.00000 1982.00000 1985.00000 1989.00000 1990.00000 1992.00000 1993.00000 1994.00000 1995.00000 1996.00000 1998.00000
2073.00000 2066.00000 2059.00000 2051.00000 2043.00000 2036.00000 2030.00000 2023.00000 2017.00000 2012.00000 2008.00000 2001.00000 1991.00000 1981.00000 1972.00000 1960.00000 1952.00000 1944.00000 1934.00000 1924.00000 1916.00000 1908.00000 1904.00000 1902.00000 1902.00000 1903.00000 1904.00000 1906.00000 1908.00000 1911.00000 1914.00000 1918.00000 1920.00000 1922.00000 1926.00000 1930.00000 1934.00000 1939.00000 1944.00000 1948.00000 1953.00000 1958.00000 1962.00000 1971.00000 1975.00000 1980.00000 1985.00000 1988.00000 1992.00000 1995.00000 1997.00000 1999.00000 2000.00000 2002.00000 2004.00000 2005.00000 2006.00000
2075.00000 2069.00000 2061.00000 2054.00000 2046.00000 2040.00000 2035.00000 2027.00000 2021.00000 2016.00000 2010.00000 2005.00000 1995.00000 1985.00000 1973.00000 1960.00000 1952.00000 1944.00000 1935.00000 1927.00000 1921.00000 1915.00000 1911.00000 1909.00000 1909.00000 1910.00000 1912.00000 1913.00000 1915.00000 1917.00000 1920.00000 1923.00000 1926.00000 1928.00000 1931.00000 1934.00000 1939.00000 1943.00000 1948.00000 1953.00000 1957.00000 1963.00000 1969.00000 1975.00000 1981.00000 1986.00000 1991.00000 1994.00000 1998.00000 2002.00000 2005.00000 2006.00000 2008.00000 2010.00000 2012.00000 2013.00000 2013.00000
2079.00000 2072.00000 2065.00000 2057.00000 2051.00000 2045.00000 2039.00000 2032.00000 2027.00000 2021.00000 2013.00000 2004.00000 1995.00000 1987.00000 1978.00000 1964.00000 1953.00000 1946.00000 1936.00000 1931.00000 1926.00000 1921.00000 1918.00000 1917.00000 1917.00000 1918.00000 1919.00000 1921.00000 1922.00000 1924.00000 1926.00000 1928.00000 1931.00000 1933.00000 1936.00000 1939.00000 1943.00000 1948.00000 1953.00000 1958.00000 1963.00000 1969.00000 1976.00000 1981.00000 1986.00000 1992.00000 1996.00000 2000.00000 2006.00000 2009.00000 2012.00000 2014.00000 2016.00000 2018.00000 2020.00000 2020.00000 2021.00000
2081.00000 2075.00000 2068.00000 2060.00000 2054.00000 2048.00000 2042.00000 2035.00000 2029.00000 2023.00000 2014.00000 2004.00000 1996.00000 1989.00000 1981.00000 1969.00000 1957.00000 1949.00000 1940.00000 1935.00000 1931.00000 1928.00000 1925.00000 1925.00000 1925.00000 1926.00000 1927.00000 1928.00000 1928.00000 1930.00000 1931.00000 1934.00000 1936.00000 1938.00000 1941.00000 1945.00000 1949.00000 1954.00000 1958.00000 1964.00000 1970.00000 1977.00000 1983.00000 1989.00000 1994.00000 1998.00000 2003.00000 2009.00000 2014.00000 2017.00000 2020.00000 2022.00000 2024.00000 2026.00000 2026.00000 2026.00000 2025.00000
2082.00000 2077.00000 2069.00000 2061.00000 2055.00000 2049.00000 2043.00000 2036.00000 2029.00000 2023.00000 2014.00000 2004.00000 1996.00000 1989.00000 1982.00000 1972.00000 1962.00000 1953.00000 1945.00000 1940.00000 1936.00000 1934.00000 1934.00000 1934.00000 1933.00000 1934.00000 1934.00000 1934.00000 1935.00000 1936.00000 1937.00000 1939.00000 1942.00000 1945.00000 1948.00000 1952.00000 1955.00000 1960.00000 1965.00000 1970.00000 1977.00000 1985.00000 1992.00000 1998.00000 2003.00000 2007.00000 2012.00000 2017.00000 2022.00000 2024.00000 2027.00000 2030.00000 2031.00000 2033.00000 2032.00000 2031.00000 2030.00000
2083.00000 2077.00000 2069.00000 2061.00000 2055.00000 2050.00000 2044.00000 2038.00000 2029.00000 2021.00000 2013.00000 2005.00000 1996.00000 1990.00000 1983.00000 1975.00000 1964.00000 1956.00000 1950.00000 1945.00000 1943.00000 1942.00000 1942.00000 1943.00000 1942.00000 1942.00000 1942.00000 1942.00000 1943.00000 1945.00000 1946.00000 1949.00000 1950.00000 1953.00000 1955.00000 1958.00000 1962.00000 1966.00000 1972.00000 1977.00000 1985.00000 1994.00000 2002.00000 2007.00000 2012.00000 2016.00000 2021.00000 2024.00000 2028.00000 2031.00000 2035.00000 2037.00000 2039.00000 2039.00000 2037.00000 2035.00000 2031.00000
2082.00000 2076.00000 2069.00000 2061.00000 2055.00000 2050.00000 2045.00000 2040.00000 2028.00000 2018.00000 2011.00000 2004.00000 1998.00000 1991.00000 1985.00000 1977.00000 1968.00000 1959.00000 1954.00000 1952.00000 1950.00000 1950.00000 1950.00000 1951.00000 1952.00000 1953.00000 1953.00000 1956.00000 1957.00000 1958.00000 1958.00000 1959.00000 1959.00000 1961.00000 1964.00000 1967.00000 1969.00000 1973.00000 1979.00000 1987.00000 1996.00000 2003.00000 2009.00000 2015.00000 2020.00000 2023.00000 2027.00000 2030.00000 2034.00000 2038.00000 2042.02002 2042.02002 2042.02002 2042.02002 2039.00000 2034.00000 2030.00000
2080.00000 2075.00000 2069.00000 2061.00000 2055.00000 2050.00000 2045.00000 2040.00000 2027.00000 2017.00000 2011.00000 2005.00000 1998.00000 1992.00000 1985.00000 1980.00000 1972.00000 1965.00000 1961.00000 1958.00000 1957.00000 1957.00000 1958.00000 1959.00000 1962.00000 1964.00000 1964.00000 1966.00000 1967.00000 1966.00000 1966.00000 1968.00000 1969.00000 1971.00000 1975.00000 1977.00000 1979.00000 1981.00000 1993.00000 2001.00000 2005.00000 2010.00000 2016.00000 2022.00000 2027.00000 2030.00000 2033.00000 2036.00000 2042.02002 2042.02002 2042.02002 2042.02197 2042.02100 2042.02002 2039.00000 2034.00000 2028.00000
2079.00000 2073.00000 2067.00000 2060.00000 2055.00000 2049.00000 2044.00000 2037.00000 2026.00000 2017.00000 2011.00000 2005.00000 1999.00000 1993.00000 1988.00000 1983.00000 1977.00000 1972.00000 1968.00000 1968.00000 1969.00000 1969.00000 1970.00000 1971.00000 1972.00000 1974.00000 1974.00000 1974.00000 1974.00000 1973.00000 1973.00000 1976.00000 1979.00000 1982.00000 1986.00000 1990.00000 1994.00000 2001.00000 2005.00000 2009.00000 2012.00000 2018.00000 2023.00000 2028.00000 2034.00000 2037.00000 2042.02002 2042.02002 2042.02625 2042.02527 2042.02344 2042.02246 2042.02197 2042.02002 2038.00000 2032.00000 2027.00000
2076.00000 2073.00000 2066.00000 2060.00000 2054.00000 2048.00000 2042.00000 2035.00000 2026.00000 2017.00000 2011.00000 2005.00000 1999.00000 1994.00000 1989.00000 1985.00000 1981.00000 1980.00000 1979.00000 1981.00000 1982.00000 1982.00000 1982.00000 1984.00000 1984.00000 1986.00000 1986.00000 1985.00000 1984.00000 1981.00000 1982.00000 1986.00000 1989.00000 1993.00000 1997.00000 2001.00000 2003.00000 2006.00000 2010.00000 2015.00000 2019.00000 2024.00000 2030.00000 2035.00000 2040.00000 2042.02002 2042.02869 2042.02771 2042.02673 2042.02490 2042.02380 2042.02344 2042.02380 2042.02344 2036.00000 2029.00000 2023.00000
2071.00000 2067.00000 2064.00000 2058.00000 2052.00000 2046.00000 2040.00000 2033.00000 2025.00000 2017.00000 2011.00000 2005.00000 2000.00000 1996.00000 1990.00000 1985.00000 1983.00000 1983.00000 1985.00000 1986.00000 1988.00000 1989.00000 1990.00000 1994.00000 1996.00000 1998.00000 1998.00000 1998.00000 1998.00000 1998.00000 1998.00000 1999.00000 2001.00000 2003.00000 2005.00000 2007.00000 2009.00000 2012.00000 2015.00000 2020.00000 2026.00000 2031.00000 2036.00000 2040.00000 2042.02002 2042.00000 2042.02002 2042.02722 2042.02625 2042.02527 2042.02490 2042.02527 2042.02490 2042.02527 2031.00000 2024.00000 2018.00000
2064.00000 2060.00000 2057.00000 2053.00000 2048.00000 2042.00000 2036.00000 2028.00000 2021.00000 2013.00000 2010.00000 2006.00000 2000.00000 1996.00000 1990.00000 1986.00000 1986.00000 1988.00000 1990.00000 1992.00000 1994.00000 1996.00000 1998.00000 2002.00000 2004.00000 2006.00000 2006.00000 2007.00000 2007.00000 2007.00000 2007.00000 2006.00000 2007.00000 2009.00000 2012.00000 2014.00000 2015.00000 2018.00000 2021.00000 2026.00000 2032.00000 2038.00000 2042.02002 2042.02002 2042.00000 2043.00000 2043.00000 2043.00244 2043.00000 2042.02625 2042.02673 2042.02625 2042.02673 2035.00000 2027.00000 2020.00000 2014.00000
2054.00000 2051.00000 2048.00000 2046.00000 2042.00000 2034.00000 2026.00000 2022.00000 2014.00000 2006.00000 2002.00000 2001.00000 1998.00000 1995.00000 1991.00000 1989.00000 1991.00000 1993.00000 1995.00000 1997.00000 1999.00000 2004.00000 2006.00000 2009.00000 2011.00000 2012.00000 2014.00000 2014.00000 2015.00000 2015.00000 2015.00000 2014.00000 2014.00000 2016.00000 2018.00000 2020.00000 2021.00000 2024.00000 2027.00000 2032.00000 2038.00000 2042.00000 2043.00000 2043.00000 2043.00000 2044.00000 2043.00244 2043.00146 2042.02771 2043.00427 2042.02771 2042.02808 2036.00000 2029.00000 2021.00000 2017.00000 2012.00000
2045.00000 2042.00000 2040.00000 2036.00000 2031.00000 2023.00000 2015.00000 2010.00000 2002.00000 1998.00000 1996.00000 1996.00000 1993.00000 1990.00000 1989.00000 1993.00000 1996.00000 1998.00000 2000.00000 2004.00000 2009.00000 2013.00000 2014.00000 2016.00000 2018.00000 2019.00000 2021.00000 2022.00000 2023.00000 2023.00000 2022.00000 2021.00000 2021.00000 2022.00000 2024.00000 2026.00000 2027.00000 2031.00000 2034.00000 2038.00000 2042.00000 2044.00000 2046.00000 2045.00000 2045.00000 2043.00378 2043.00281 2043.00244 2043.00281 2042.02905 2039.00000 2035.00000 2030.00000 2024.00000 2018.00000 2013.00000 2009.00000
2034.00000 2032.00000 2029.00000 2025.00000 2019.00000 2011.00000 2004.00000 1998.00000 1992.00000 1992.00000 1992.00000 1991.00000 1988.00000 1985.00000 1990.00000 1996.00000 1999.00000 2004.00000 2010.00000 2014.00000 2020.00000 2022.00000 2024.00000 2024.00000 2026.00000 2029.00000 2030.00000 2030.00000 2030.00000 2030.00000 2029.00000 2027.00000 2027.00000 2028.00000 2029.00000 2031.00000 2033.00000 2036.00000 2040.00000 2042.00000 2044.00000 2046.00000 2047.00000 2045.00000 2043.00525 2043.00427 2043.00378 2043.00427 2042.03052 2036.00000 2031.00000 2027.00000 2024.00000 2018.00000 2014.00000 2010.00000 2006.00000
2025.00000 2021.00000 2018.00000 2016.00000 2009.00000 2002.00000 1992.00000 1989.00000 1986.00000 1986.00000 1987.00000 1987.00000 1983.00000 1986.00000 1992.00000 1998.00000 2003.00000 2010.00000 2016.00000 2022.00000 2026.00000 2029.00000 2033.00000 2034.00000 2036.00000 2039.00000 2038.00000 2038.00000 2037.00000 2037.00000 2036.00000 2034.00000 2033.00000 2033.00000 2035.00000 2037.00000 2039.00000 2042.00000 2045.00000 2046.00000 2047.00000 2048.00000 2046.00000 2044.00000 2043.00562 2043.00525 2040.00000 2037.00000 2032.00000 2027.00000 2022.00000 2019.00000 2018.00000 2016.00000 2011.00000 2006.00000 2002.00000
2015.00000 2012.00000 2007.00000 2004.00000 1998.00000 1988.00000 1981.00000 1979.00000 1980.00000 1980.00000 1981.00000 1982.00000 1981.00000 1987.00000 1993.00000 1999.00000 2007.00000 2014.00000 2020.00000 2026.00000 2032.00000 2036.00000 2039.00000 2043.00000 2046.00000 2048.00000 2048.00000 2048.00000 2047.00000 2045.00000 2044.00000 2041.00000 2039.00000 2039.00000 2041.00000 2043.00000 2045.00000 2047.00000 2050.00000 2051.00000 2049.00000 2047.00000 2044.00000 2043.00708 2040.00000 2038.00000 2033.00000 2029.00000 2024.00000 2019.00000 2014.00000 2013.00000 2012.00000 2012.00000 2007.00000 2002.00000 1995.00000
