glob3/s3xtante/test_data/dem.asc
NCOLS 601
NROWS 410
XLLCORNER 262846.525725
YLLCORNER 4454025.000000
CELLSIZE 25.000000
NODATA_VALUE -32768.000000
[rows 225 to 249 of 410, columns 0 to 56 of 601]
1287.00000 1297.00000 1308.00000 1317.00000 1325.00000 1332.00000 1339.00000 1348.00000 1357.00000 1366.00000 1374.00000 1382.00000 1389.00000 1396.00000 1403.00000 1408.00000 1413.00000 1416.00000 1421.00000 1429.00000 1433.00000 1437.00000 1441.00000 1445.00000 1450.00000 1454.00000 1458.00000 1461.00000 1464.00000 1468.00000 1472.00000 1473.00000 1475.00000 1475.00000 1475.00000 1476.00000 1476.00000 1477.00000 1475.00000 1473.00000 1469.00000 1464.00000 1458.00000 1447.00000 1436.00000 1425.00000 1414.00000 1402.00000 1394.00000 1386.00000 1378.00000 1369.00000 1361.00000 1352.00000 1341.00000 1324.00000 1318.00000
1287.00000 1299.00000 1306.00000 1313.00000 1321.00000 1329.00000 1337.00000 1345.00000 1353.00000 1361.00000 1369.00000 1377.00000 1383.00000 1390.00000 1396.00000 1401.00000 1406.00000 1410.00000 1416.00000 1422.00000 1428.00000 1432.00000 1435.00000 1438.00000 1443.00000 1447.00000 1451.00000 1454.00000 1457.00000 1460.00000 1464.00000 1466.00000 1468.00000 1469.00000 1469.00000 1471.00000 1472.00000 1473.00000 1470.00000 1469.00000 1464.00000 1459.00000 1453.00000 1446.00000 1435.00000 1422.00000 1405.00000 1396.00000 1390.00000 1384.00000 1374.00000 1364.00000 1356.00000 1347.00000 1338.00000 1319.00000 1311.00000
1288.00000 1300.00000 1306.00000 1312.00000 1317.00000 1326.00000 1335.00000 1344.00000 1351.00000 1357.00000 1364.00000 1370.00000 1376.00000 1381.00000 1387.00000 1393.00000 1398.00000 1403.00000 1408.00000 1417.00000 1424.00000 1428.00000 1430.00000 1432.00000 1436.00000 1440.00000 1444.00000 1447.00000 1450.00000 1453.00000 1457.00000 1460.00000 1462.00000 1463.00000 1464.00000 1465.00000 1469.00000 1469.00000 1467.00000 1464.00000 1459.00000 1454.00000 1450.00000 1443.00000 1434.00000 1421.00000 1404.00000 1395.00000 1390.00000 1383.00000 1372.00000 1360.00000 1352.00000 1343.00000 1332.00000 1318.00000 1309.00000
1291.00000 1300.00000 1306.00000 1312.00000 1317.00000 1325.00000 1333.00000 1341.00000 1347.00000 1352.00000 1357.00000 1363.00000 1368.00000 1371.00000 1377.00000 1384.00000 1391.00000 1395.00000 1400.00000 1411.00000 1419.00000 1422.00000 1423.00000 1426.00000 1430.00000 1434.00000 1437.00000 1439.00000 1443.00000 1446.00000 1451.00000 1453.00000 1456.00000 1457.00000 1459.00000 1462.00000 1465.00000 1464.00000 1464.00000 1460.00000 1456.00000 1450.00000 1446.00000 1440.00000 1429.00000 1420.00000 1410.00000 1400.00000 1392.00000 1384.00000 1373.00000 1360.00000 1352.00000 1343.00000 1333.00000 1324.00000 1313.00000
1296.00000 1302.00000 1307.00000 1312.00000 1317.00000 1325.00000 1331.00000 1337.00000 1341.00000 1345.00000 1350.00000 1355.00000 1357.00000 1358.00000 1362.00000 1375.00000 1383.00000 1390.00000 1397.00000 1405.00000 1413.00000 1414.00000 1416.00000 1420.00000 1423.00000 1427.00000 1430.00000 1433.00000 1436.00000 1442.00000 1445.00000 1449.00000 1451.00000 1453.00000 1455.00000 1459.00000 1461.00000 1461.00000 1461.00000 1456.00000 1452.00000 1448.00000 1443.00000 1436.00000 1428.00000 1419.00000 1410.00000 1403.00000 1395.00000 1386.00000 1376.00000 1365.00000 1357.00000 1348.00000 1339.00000 1330.00000 1319.00000
1300.00000 1304.00000 1309.00000 1313.00000 1317.00000 1322.00000 1326.00000 1330.00000 1333.00000 1338.00000 1342.00000 1345.00000 1348.00000 1350.00000 1354.00000 1366.00000 1381.00000 1388.00000 1396.00000 1401.00000 1407.00000 1407.00000 1408.00000 1411.00000 1416.00000 1421.00000 1423.00000 1425.00000 1429.00000 1434.00000 1438.00000 1444.00000 1447.00000 1449.00000 1451.00000 1455.00000 1456.00000 1457.00000 1456.00000 1453.00000 1448.00000 1445.00000 1440.00000 1434.00000 1426.00000 1419.00000 1412.00000 1405.00000 1398.00000 1389.00000 1380.00000 1371.00000 1364.00000 1355.00000 1344.00000 1335.00000 1325.00000
1296.00000 1301.00000 1305.00000 1308.00000 1311.00000 1315.00000 1319.00000 1322.00000 1326.00000 1329.00000 1332.00000 1336.00000 1339.00000 1343.00000 1351.00000 1363.00000 1378.00000 1386.00000 1392.00000 1397.00000 1400.00000 1399.00000 1400.00000 1403.00000 1408.00000 1415.00000 1415.00000 1417.00000 1422.00000 1428.00000 1434.00000 1440.00000 1443.00000 1445.00000 1448.00000 1450.00000 1451.00000 1452.00000 1451.00000 1448.00000 1444.00000 1440.00000 1437.00000 1431.00000 1425.00000 1418.00000 1411.00000 1405.00000 1398.00000 1389.00000 1382.00000 1374.00000 1366.00000 1357.00000 1349.00000 1342.00000 1335.00000
1290.00000 1295.00000 1299.00000 1302.00000 1305.00000 1307.00000 1309.00000 1312.00000 1316.00000 1320.00000 1322.00000 1325.00000 1331.00000 1336.00000 1347.00000 1360.00000 1373.00000 1380.00000 1385.00000 1388.00000 1389.00000 1390.00000 1391.00000 1396.00000 1402.00000 1409.00000 1410.00000 1414.00000 1420.00000 1426.00000 1432.00000 1435.00000 1439.00000 1441.00000 1443.00000 1445.00000 1446.00000 1447.00000 1446.00000 1444.00000 1440.00000 1435.00000 1431.00000 1428.00000 1422.00000 1417.00000 1411.00000 1405.00000 1398.00000 1391.00000 1384.00000 1377.00000 1369.00000 1361.00000 1354.00000 1348.00000 1344.00000
1283.00000 1286.00000 1289.00000 1293.00000 1295.00000 1297.00000 1299.00000 1301.00000 1304.00000 1307.00000 1311.00000 1317.00000 1324.00000 1333.00000 1343.00000 1357.00000 1367.00000 1373.00000 1375.00000 1377.00000 1378.00000 1379.00000 1384.00000 1389.00000 1396.00000 1403.00000 1406.00000 1411.00000 1417.00000 1423.00000 1428.00000 1432.00000 1434.00000 1436.00000 1438.00000 1440.00000 1442.00000 1442.00000 1442.00000 1439.00000 1435.00000 1430.00000 1427.00000 1423.00000 1419.00000 1414.00000 1409.00000 1404.00000 1398.00000 1392.00000 1386.00000 1382.00000 1375.00000 1367.00000 1359.00000 1355.00000 1351.00000
1274.00000 1277.00000 1280.00000 1282.00000 1284.00000 1286.00000 1287.00000 1288.00000 1291.00000 1298.00000 1306.00000 1313.00000 1321.00000 1330.00000 1337.00000 1349.00000 1361.00000 1364.00000 1366.00000 1367.00000 1368.00000 1371.00000 1378.00000 1383.00000 1389.00000 1396.00000 1403.00000 1409.00000 1415.00000 1420.00000 1424.00000 1427.00000 1429.00000 1431.00000 1433.00000 1435.00000 1435.00000 1436.00000 1435.00000 1431.00000 1428.00000 1424.00000 1421.00000 1418.00000 1414.00000 1411.00000 1406.00000 1402.00000 1397.00000 1393.00000 1389.00000 1385.00000 1381.00000 1374.00000 1367.00000 1362.00000 1357.00000
1264.00000 1267.00000 1268.00000 1269.00000 1270.00000 1269.00000 1271.00000 1273.00000 1280.00000 1294.00000 1304.00000 1311.00000 1318.00000 1324.00000 1330.00000 1341.00000 1352.00000 1355.00000 1357.00000 1358.00000 1359.00000 1363.00000 1371.00000 1376.00000 1382.00000 1390.00000 1400.00000 1405.00000 1410.00000 1415.00000 1419.00000 1422.00000 1424.00000 1425.00000 1427.00000 1429.00000 1428.00000 1428.00000 1425.00000 1422.00000 1419.00000 1417.00000 1415.00000 1412.00000 1410.00000 1406.00000 1402.00000 1399.00000 1398.00000 1395.00000 1391.00000 1387.00000 1384.00000 1381.00000 1376.00000 1370.00000 1364.00000
1254.00000 1256.00000 1257.00000 1256.00000 1256.00000 1253.00000 1254.00000 1255.00000 1266.00000 1285.00000 1298.00000 1306.00000 1312.00000 1317.00000 1324.00000 1334.00000 1342.00000 1348.00000 1351.00000 1351.00000 1354.00000 1357.00000 1363.00000 1370.00000 1378.00000 1386.00000 1394.00000 1401.00000 1405.00000 1409.00000 1412.00000 1414.00000 1417.00000 1420.00000 1421.00000 1422.00000 1421.00000 1419.00000 1416.00000 1415.00000 1413.00000 1412.00000 1409.00000 1407.00000 1404.00000 1401.00000 1398.00000 1395.00000 1395.00000 1394.00000 1393.00000 1389.00000 1386.00000 1383.00000 1381.00000 1376.00000 1369.00000
1246.00000 1247.00000 1247.00000 1245.00000 1243.00000 1240.00000 1244.00000 1250.00000 1264.00000 1281.00000 1292.00000 1300.00000 1305.00000 1311.00000 1320.00000 1327.00000 1334.00000 1340.00000 1344.00000 1345.00000 1348.00000 1351.00000 1359.00000 1366.00000 1372.00000 1382.00000 1390.00000 1393.00000 1398.00000 1401.00000 1403.00000 1405.00000 1408.00000 1410.00000 1412.00000 1413.00000 1413.00000 1411.00000 1410.00000 1409.00000 1407.00000 1406.00000 1404.00000 1401.00000 1398.00000 1395.00000 1392.00000 1390.00000 1389.00000 1389.00000 1388.00000 1389.00000 1388.00000 1385.00000 1382.00000 1381.00000 1374.00000
1237.00000 1238.00000 1238.00000 1236.00000 1234.00000 1233.00000 1236.00000 1246.00000 1259.00000 1275.00000 1285.00000 1291.00000 1297.00000 1305.00000 1313.00000 1320.00000 1326.00000 1330.00000 1335.00000 1339.00000 1341.00000 1345.00000 1352.00000 1360.00000 1367.00000 1377.00000 1382.00000 1385.00000 1389.00000 1392.00000 1394.00000 1396.00000 1398.00000 1399.00000 1401.00000 1403.00000 1404.00000 1403.00000 1404.00000 1403.00000 1401.00000 1400.00000 1397.00000 1392.00000 1390.00000 1388.00000 1386.00000 1384.00000 1384.00000 1384.00000 1384.00000 1385.00000 1385.00000 1384.00000 1383.00000 1381.00000 1376.00000
1229.00000 1230.00000 1230.00000 1229.00000 1227.00000 1225.00000 1230.00000 1241.00000 1254.00000 1267.00000 1277.00000 1283.00000 1290.00000 1299.00000 1307.00000 1312.00000 1316.00000 1319.00000 1323.00000 1327.00000 1331.00000 1337.00000 1344.00000 1352.00000 1359.00000 1368.00000 1374.00000 1376.00000 1379.00000 1381.00000 1384.00000 1386.00000 1388.00000 1390.00000 1392.00000 1392.00000 1394.00000 1394.00000 1394.00000 1391.00000 1389.00000 1385.00000 1383.00000 1382.00000 1381.00000 1380.00000 1378.00000 1378.00000 1379.00000 1380.00000 1381.00000 1381.00000 1381.00000 1381.00000 1381.00000 1381.00000 1378.00000
1221.00000 1223.00000 1223.00000 1221.00000 1219.00000 1218.00000 1223.00000 1237.00000 1249.00000 1260.00000 1269.00000 1276.00000 1282.00000 1291.00000 1300.00000 1305.00000 1309.00000 1311.00000 1314.00000 1317.00000 1323.00000 1330.00000 1337.00000 1345.00000 1352.00000 1359.00000 1364.00000 1368.00000 1371.00000 1373.00000 1375.00000 1377.00000 1378.00000 1381.00000 1381.00000 1381.00000 1381.00000 1380.00000 1378.00000 1375.00000 1373.00000 1370.00000 1367.00000 1362.00000 1359.00000 1361.00000 1365.00000 1368.00000 1369.00000 1371.00000 1373.00000 1374.00000 1376.00000 1376.00000 1377.00000 1376.00000 1372.00000
1212.00000 1215.00000 1215.00000 1212.00000 1211.00000 1211.00000 1216.00000 1226.00000 1243.00000 1254.00000 1264.00000 1270.00000 1275.00000 1279.00000 1288.00000 1297.00000 1301.00000 1303.00000 1307.00000 1312.00000 1317.00000 1324.00000 1331.00000 1337.00000 1342.00000 1349.00000 1354.00000 1359.00000 1362.00000 1366.00000 1368.00000 1368.00000 1368.00000 1370.00000 1369.00000 1369.00000 1368.00000 1365.00000 1362.00000 1359.00000 1357.00000 1355.00000 1353.00000 1350.00000 1349.00000 1352.00000 1354.00000 1357.00000 1361.00000 1363.00000 1366.00000 1367.00000 1369.00000 1369.00000 1370.00000 1368.00000 1366.00000
1205.00000 1207.00000 1206.00000 1203.00000 1202.00000 1205.00000 1212.00000 1219.00000 1233.00000 1245.00000 1257.00000 1264.00000 1269.00000 1273.00000 1275.00000 1278.00000 1283.00000 1291.00000 1301.00000 1307.00000 1313.00000 1318.00000 1326.00000 1330.00000 1334.00000 1338.00000 1343.00000 1347.00000 1351.00000 1357.00000 1359.00000 1359.00000 1359.00000 1358.00000 1356.00000 1355.00000 1353.00000 1350.00000 1348.00000 1348.00000 1346.00000 1344.00000 1341.00000 1339.00000 1340.00000 1342.00000 1345.00000 1348.00000 1349.00000 1352.00000 1356.00000 1361.00000 1362.00000 1362.00000 1362.00000 1360.00000 1358.00000
1196.00000 1197.00000 1197.00000 1194.00000 1195.00000 1200.00000 1207.00000 1215.00000 1225.00000 1236.00000 1246.00000 1257.00000 1262.00000 1265.00000 1266.00000 1267.00000 1271.00000 1281.00000 1296.00000 1304.00000 1309.00000 1314.00000 1319.00000 1324.00000 1328.00000 1330.00000 1333.00000 1337.00000 1340.00000 1343.00000 1344.00000 1343.00000 1342.00000 1339.00000 1338.00000 1338.00000 1337.00000 1337.00000 1337.00000 1336.00000 1335.00000 1333.00000 1330.00000 1328.00000 1327.00000 1329.00000 1333.00000 1337.00000 1338.00000 1339.00000 1344.00000 1352.00000 1353.00000 1355.00000 1356.00000 1355.00000 1353.00000
1178.00000 1182.00000 1186.00000 1186.00000 1188.00000 1191.00000 1199.00000 1207.00000 1216.00000 1226.00000 1235.00000 1245.00000 1251.00000 1254.00000 1255.00000 1257.00000 1266.00000 1275.00000 1285.00000 1299.00000 1305.00000 1309.00000 1313.00000 1317.00000 1319.00000 1321.00000 1324.00000 1326.00000 1327.00000 1328.00000 1329.00000 1330.00000 1330.00000 1330.00000 1329.00000 1328.00000 1328.00000 1327.00000 1327.00000 1327.00000 1324.00000 1322.00000 1319.00000 1317.00000 1316.00000 1317.00000 1319.00000 1324.00000 1327.00000 1329.00000 1334.00000 1343.00000 1346.00000 1349.00000 1351.00000 1351.00000 1347.00000
1168.00000 1173.00000 1175.00000 1178.00000 1180.00000 1183.00000 1190.00000 1197.00000 1203.00000 1214.00000 1221.00000 1229.00000 1236.00000 1240.00000 1242.00000 1248.00000 1262.00000 1271.00000 1279.00000 1291.00000 1299.00000 1303.00000 1308.00000 1311.00000 1313.00000 1314.00000 1315.00000 1316.00000 1316.00000 1317.00000 1317.00000 1318.00000 1319.00000 1320.00000 1319.00000 1319.00000 1318.00000 1318.00000 1318.00000 1317.00000 1315.00000 1312.00000 1310.00000 1308.00000 1307.00000 1308.00000 1312.00000 1315.00000 1317.00000 1320.00000 1326.00000 1335.00000 1341.00000 1343.00000 1345.00000 1347.00000 1343.00000
1161.00000 1164.00000 1166.00000 1168.00000 1170.00000 1176.00000 1183.00000 1189.00000 1194.00000 1198.00000 1204.00000 1211.00000 1218.00000 1226.00000 1230.00000 1242.00000 1260.00000 1267.00000 1275.00000 1284.00000 1290.00000 1296.00000 1302.00000 1305.00000 1307.00000 1308.00000 1308.00000 1309.00000 1308.00000 1308.00000 1309.00000 1309.00000 1310.00000 1310.00000 1310.00000 1310.00000 1310.00000 1310.00000 1309.00000 1307.00000 1305.00000 1303.00000 1301.00000 1299.00000 1299.00000 1301.00000 1305.00000 1308.00000 1310.00000 1312.00000 1319.00000 1329.00000 1335.00000 1339.00000 1341.00000 1342.00000 1337.00000
1137.00000 1149.00000 1154.00000 1158.00000 1161.00000 1168.00000 1175.00000 1181.00000 1184.00000 1188.00000 1193.00000 1198.00000 1205.00000 1211.00000 1218.00000 1233.00000 1249.00000 1261.00000 1267.00000 1275.00000 1282.00000 1287.00000 1292.00000 1297.00000 1300.00000 1301.00000 1301.00000 1301.00000 1300.00000 1300.00000 1300.00000 1300.00000 1300.00000 1300.00000 1300.00000 1301.00000 1301.00000 1301.00000 1300.00000 1298.00000 1295.00000 1293.00000 1290.00000 1288.00000 1289.00000 1292.00000 1296.00000 1300.00000 1302.00000 1305.00000 1314.00000 1323.00000 1329.00000 1333.00000 1337.00000 1335.00000 1328.00000
1125.00000 1132.00000 1139.00000 1146.00000 1153.00000 1160.00000 1165.00000 1169.00000 1172.00000 1179.00000 1185.00000 1188.00000 1193.00000 1200.00000 1211.00000 1221.00000 1238.00000 1248.00000 1256.00000 1263.00000 1268.00000 1274.00000 1280.00000 1283.00000 1285.00000 1288.00000 1288.00000 1289.00000 1288.00000 1288.00000 1288.00000 1287.00000 1286.00000 1286.00000 1287.00000 1288.00000 1288.00000 1289.00000 1288.00000 1288.00000 1286.00000 1283.00000 1280.00000 1278.00000 1280.00000 1283.00000 1288.00000 1291.00000 1293.00000 1299.00000 1309.00000 1316.00000 1322.00000 1326.00000 1328.00000 1325.00000 1318.00000
1115.00000 1120.00000 1126.00000 1133.00000 1141.00000 1147.00000 1152.00000 1157.00000 1161.00000 1168.00000 1175.00000 1179.00000 1184.00000 1196.00000 1206.00000 1215.00000 1224.00000 1235.00000 1244.00000 1250.00000 1254.00000 1258.00000 1262.00000 1268.00000 1272.00000 1274.00000 1275.00000 1276.00000 1276.00000 1276.00000 1275.00000 1275.00000 1274.00000 1273.00000 1273.00000 1275.00000 1276.00000 1278.00000 1278.00000 1278.00000 1277.00000 1275.00000 1272.00000 1270.00000 1271.00000 1275.00000 1280.00000 1282.00000 1284.00000 1292.00000 1303.00000 1310.00000 1316.00000 1319.00000 1320.00000 1316.00000 1309.00000
