glob3/s3xtante/test_data/dem.asc
NCOLS 601
NROWS 410
XLLCORNER 262846.525725
YLLCORNER 4454025.000000
CELLSIZE 25.000000
NODATA_VALUE -32768.000000
[rows 375 to 399 of 410, columns 171 to 227 of 601]
903.00000 908.00000 910.00000 915.00000 919.00000 922.00000 926.00000 932.00000 938.00000 949.00000 958.00000 973.00000 985.00000 994.00000 1005.00000 1016.00000 1030.00000 1041.00000 1047.00000 1052.00000 1057.00000 1063.00000 1070.00000 1074.00000 1077.00000 1083.00000 1089.00000 1103.00000 1111.00000 1123.00000 1137.00000 1150.00000 1166.00000 1184.00000 1197.00000 1203.00000 1203.00000 1202.00000 1198.00000 1192.00000 1188.00000 1180.00000 1174.00000 1168.00000 1160.00000 1153.00000 1149.00000 1148.00000 1147.00000 1145.00000 1148.00000 1153.00000 1162.00000 1168.00000 1174.00000 1188.00000 1200.00000
902.00000 910.00000 916.00000 920.00000 924.00000 927.00000 930.00000 936.00000 944.00000 952.00000 963.00000 978.00000 989.00000 999.00000 1010.00000 1022.00000 1039.00000 1047.00000 1054.00000 1059.00000 1070.00000 1079.00000 1084.00000 1087.00000 1089.00000 1096.00000 1104.00000 1113.00000 1121.00000 1134.00000 1146.00000 1156.00000 1172.00000 1185.00000 1194.00000 1199.00000 1198.00000 1194.00000 1188.00000 1183.00000 1177.00000 1171.00000 1165.00000 1157.00000 1150.00000 1143.00000 1139.00000 1137.00000 1135.00000 1133.00000 1136.00000 1142.00000 1153.00000 1162.00000 1168.00000 1180.00000 1193.00000
900.00000 908.00000 917.00000 923.00000 927.00000 931.00000 935.00000 939.00000 947.00000 956.00000 968.00000 981.00000 992.00000 1003.00000 1014.00000 1028.00000 1044.00000 1052.00000 1060.00000 1071.00000 1082.00000 1089.00000 1094.00000 1098.00000 1100.00000 1107.00000 1115.00000 1124.00000 1136.00000 1148.00000 1154.00000 1163.00000 1176.00000 1187.00000 1195.00000 1192.00000 1187.00000 1183.00000 1178.00000 1173.00000 1168.00000 1162.00000 1152.00000 1141.00000 1136.00000 1132.00000 1128.00000 1125.00000 1121.00000 1121.00000 1125.00000 1130.00000 1141.00000 1153.00000 1163.00000 1174.00000 1186.00000
896.00000 906.00000 917.00000 923.00000 928.00000 932.00000 936.00000 941.00000 949.00000 958.00000 969.00000 981.00000 993.00000 1005.00000 1017.00000 1034.00000 1047.00000 1057.00000 1068.00000 1081.00000 1090.00000 1098.00000 1104.00000 1109.00000 1115.00000 1123.00000 1132.00000 1142.00000 1153.00000 1161.00000 1164.00000 1170.00000 1181.00000 1189.00000 1191.00000 1183.00000 1178.00000 1174.00000 1169.00000 1164.00000 1157.00000 1148.00000 1137.00000 1130.00000 1125.00000 1121.00000 1118.00000 1116.00000 1113.00000 1111.00000 1112.00000 1119.00000 1130.00000 1142.00000 1153.00000 1163.00000 1174.00000
899.00000 910.00000 920.00000 925.00000 929.00000 934.00000 938.00000 944.00000 953.00000 962.00000 971.00000 982.00000 996.00000 1008.00000 1020.00000 1038.00000 1051.00000 1063.00000 1077.00000 1088.00000 1099.00000 1106.00000 1113.00000 1119.00000 1129.00000 1139.00000 1148.00000 1159.00000 1165.00000 1169.00000 1172.00000 1178.00000 1183.00000 1191.00000 1184.00000 1176.00000 1169.00000 1165.00000 1160.00000 1150.00000 1141.00000 1134.00000 1127.00000 1120.00000 1115.00000 1111.00000 1110.00000 1108.00000 1105.00000 1102.00000 1102.00000 1107.00000 1118.00000 1131.00000 1143.00000 1152.00000 1159.00000
905.00000 915.00000 923.00000 928.00000 932.00000 936.00000 940.00000 950.00000 958.00000 967.00000 977.00000 986.00000 998.00000 1011.00000 1024.00000 1040.00000 1057.00000 1070.00000 1084.00000 1095.00000 1105.00000 1113.00000 1121.00000 1131.00000 1141.00000 1149.00000 1158.00000 1167.00000 1173.00000 1177.00000 1180.00000 1183.00000 1186.00000 1187.00000 1178.00000 1167.00000 1159.00000 1152.00000 1144.00000 1135.00000 1127.00000 1122.00000 1116.00000 1111.00000 1106.00000 1102.00000 1100.00000 1099.00000 1094.00000 1089.00000 1089.00000 1098.00000 1110.00000 1121.00000 1133.00000 1144.00000 1150.00000
912.00000 921.00000 926.00000 932.00000 936.00000 939.00000 948.00000 958.00000 966.00000 976.00000 986.00000 996.00000 1003.00000 1013.00000 1026.00000 1042.00000 1061.00000 1073.00000 1086.00000 1100.00000 1109.00000 1117.00000 1128.00000 1138.00000 1146.00000 1153.00000 1162.00000 1174.00000 1180.00000 1182.00000 1185.00000 1187.00000 1187.00000 1182.00000 1173.00000 1159.00000 1149.00000 1140.00000 1131.00000 1122.00000 1115.00000 1111.00000 1106.00000 1100.00000 1096.00000 1093.00000 1090.00000 1086.00000 1080.00000 1076.00000 1078.00000 1091.00000 1104.00000 1114.00000 1124.00000 1133.00000 1141.00000
919.00000 924.00000 929.00000 935.00000 940.00000 949.00000 959.00000 966.00000 974.00000 984.00000 997.00000 1004.00000 1008.00000 1016.00000 1029.00000 1045.00000 1061.00000 1072.00000 1087.00000 1102.00000 1110.00000 1119.00000 1131.00000 1141.00000 1148.00000 1154.00000 1161.00000 1178.00000 1182.00000 1184.00000 1187.00000 1188.00000 1184.00000 1177.00000 1166.00000 1153.00000 1140.00000 1130.00000 1121.00000 1112.00000 1106.00000 1100.00000 1096.00000 1093.00000 1089.00000 1084.00000 1080.00000 1076.00000 1072.00000 1069.00000 1073.00000 1084.00000 1095.00000 1105.00000 1115.00000 1122.00000 1129.00000
931.00000 932.00000 932.00000 937.00000 948.00000 960.00000 967.00000 973.00000 981.00000 994.00000 1004.00000 1011.00000 1016.00000 1021.00000 1033.00000 1046.00000 1061.00000 1072.00000 1086.00000 1102.00000 1111.00000 1120.00000 1130.00000 1141.00000 1148.00000 1154.00000 1161.00000 1180.00000 1182.00000 1184.00000 1186.00000 1184.00000 1181.00000 1172.00000 1160.00000 1147.00000 1133.00000 1122.00000 1112.00000 1103.00000 1098.00000 1093.00000 1089.00000 1085.00000 1082.00000 1078.00000 1073.00000 1069.00000 1065.00000 1063.00000 1069.00000 1077.00000 1087.00000 1096.00000 1106.00000 1111.00000 1118.00000
943.00000 939.00000 936.00000 942.00000 955.00000 964.00000 970.00000 979.00000 990.00000 1002.00000 1010.00000 1017.00000 1025.00000 1031.00000 1040.00000 1049.00000 1061.00000 1072.00000 1086.00000 1102.00000 1111.00000 1118.00000 1127.00000 1137.00000 1146.00000 1154.00000 1162.00000 1174.00000 1181.00000 1183.00000 1185.00000 1183.00000 1178.00000 1167.00000 1155.00000 1141.00000 1128.00000 1116.00000 1106.00000 1096.00000 1091.00000 1087.00000 1083.00000 1078.00000 1074.00000 1070.00000 1066.00000 1062.00000 1057.00000 1054.00000 1058.00000 1067.00000 1077.00000 1084.00000 1092.00000 1098.00000 1104.00000
950.00000 950.00000 946.00000 957.00000 965.00000 971.00000 977.00000 989.00000 1000.00000 1009.00000 1018.00000 1027.00000 1036.00000 1044.00000 1053.00000 1061.00000 1067.00000 1075.00000 1088.00000 1103.00000 1110.00000 1117.00000 1126.00000 1137.00000 1146.00000 1155.00000 1163.00000 1170.00000 1177.00000 1181.00000 1183.00000 1181.00000 1173.00000 1162.00000 1150.00000 1134.00000 1122.00000 1109.00000 1099.00000 1093.00000 1087.00000 1082.00000 1076.00000 1072.00000 1067.00000 1063.00000 1059.00000 1051.00000 1043.00000 1040.00000 1046.00000 1054.00000 1062.00000 1071.00000 1077.00000 1083.00000 1089.00000
955.00000 959.00000 965.00000 972.00000 979.00000 984.00000 990.00000 1001.00000 1008.00000 1016.00000 1027.00000 1038.00000 1049.00000 1061.00000 1068.00000 1074.00000 1079.00000 1086.00000 1099.00000 1110.00000 1116.00000 1123.00000 1131.00000 1142.00000 1150.00000 1158.00000 1164.00000 1171.00000 1174.00000 1177.00000 1180.00000 1175.00000 1166.00000 1154.00000 1140.00000 1127.00000 1113.00000 1100.00000 1094.00000 1088.00000 1082.00000 1075.00000 1068.00000 1064.00000 1060.00000 1053.00000 1047.00000 1040.00000 1033.00000 1031.00000 1036.00000 1042.00000 1051.00000 1061.00000 1065.00000 1071.00000 1075.00000
960.00000 969.00000 976.00000 984.00000 991.00000 996.00000 1002.00000 1008.00000 1014.00000 1023.00000 1036.00000 1050.00000 1062.00000 1074.00000 1080.00000 1086.00000 1091.00000 1099.00000 1107.00000 1116.00000 1124.00000 1131.00000 1137.00000 1145.00000 1153.00000 1159.00000 1163.00000 1166.00000 1167.00000 1170.00000 1170.00000 1167.00000 1159.00000 1145.00000 1132.00000 1119.00000 1100.00000 1094.00000 1088.00000 1082.00000 1074.00000 1068.00000 1061.00000 1054.00000 1046.00000 1040.00000 1035.00000 1030.00000 1023.00000 1022.00000 1028.00000 1033.00000 1038.00000 1044.00000 1049.00000 1054.00000 1059.00000
973.00000 981.00000 989.00000 997.00000 1001.00000 1004.00000 1007.00000 1012.00000 1019.00000 1030.00000 1042.00000 1058.00000 1071.00000 1082.00000 1089.00000 1094.00000 1100.00000 1106.00000 1114.00000 1121.00000 1127.00000 1132.00000 1137.00000 1144.00000 1148.00000 1151.00000 1157.00000 1161.00000 1161.00000 1161.00000 1160.00000 1158.00000 1149.00000 1135.00000 1124.00000 1108.00000 1096.00000 1088.00000 1083.00000 1075.00000 1066.00000 1057.00000 1048.00000 1040.00000 1030.00000 1024.00000 1021.00000 1019.00000 1015.00000 1015.00000 1017.00000 1022.00000 1025.00000 1027.00000 1026.00000 1026.00000 1031.00000
985.00000 992.00000 1000.00000 1004.00000 1007.00000 1010.00000 1012.00000 1016.00000 1023.00000 1034.00000 1050.00000 1066.00000 1076.00000 1085.00000 1091.00000 1097.00000 1104.00000 1111.00000 1117.00000 1123.00000 1128.00000 1132.00000 1134.00000 1136.00000 1139.00000 1142.00000 1146.00000 1151.00000 1151.00000 1152.00000 1152.00000 1147.00000 1138.00000 1125.00000 1113.00000 1099.00000 1092.00000 1084.00000 1076.00000 1067.00000 1057.00000 1044.00000 1029.00000 1019.00000 1015.00000 1013.00000 1011.00000 1010.00000 1007.00000 1006.00000 1005.00000 1008.00000 1009.00000 1012.00000 1012.00000 1011.00000 1011.00000
995.00000 1002.00000 1005.00000 1009.00000 1012.00000 1015.00000 1018.00000 1021.00000 1026.00000 1036.00000 1053.00000 1064.00000 1074.00000 1083.00000 1088.00000 1095.00000 1101.00000 1108.00000 1115.00000 1122.00000 1126.00000 1127.00000 1127.00000 1129.00000 1130.00000 1132.00000 1136.00000 1139.00000 1141.00000 1143.00000 1142.00000 1134.00000 1123.00000 1112.00000 1101.00000 1092.00000 1085.00000 1077.00000 1067.00000 1057.00000 1043.00000 1028.00000 1013.00000 1009.00000 1005.00000 1004.00000 1002.00000 1000.00000 997.00000 995.00000 993.00000 994.00000 995.00000 996.00000 997.00000 997.00000 998.00000
1002.00000 1006.00000 1010.00000 1014.00000 1018.00000 1021.00000 1024.00000 1026.00000 1030.00000 1037.00000 1048.00000 1059.00000 1068.00000 1076.00000 1082.00000 1088.00000 1095.00000 1102.00000 1110.00000 1119.00000 1120.00000 1120.00000 1120.00000 1120.00000 1122.00000 1124.00000 1127.00000 1129.00000 1131.00000 1131.00000 1130.00000 1120.00000 1110.00000 1100.00000 1093.00000 1084.00000 1076.00000 1067.00000 1057.00000 1041.00000 1029.00000 1016.00000 1002.00000 998.00000 994.00000 991.00000 988.00000 985.00000 982.00000 980.00000 980.00000 983.00000 983.00000 983.00000 983.00000 983.00000 986.00000
1006.00000 1010.00000 1015.00000 1019.00000 1022.00000 1025.00000 1028.00000 1032.00000 1035.00000 1039.00000 1048.00000 1056.00000 1062.00000 1070.00000 1075.00000 1080.00000 1088.00000 1095.00000 1103.00000 1110.00000 1111.00000 1111.00000 1111.00000 1111.00000 1113.00000 1115.00000 1115.00000 1117.00000 1119.00000 1118.00000 1115.00000 1108.00000 1099.00000 1091.00000 1084.00000 1076.00000 1066.00000 1056.00000 1043.00000 1030.00000 1017.00000 1003.00000 993.00000 988.00000 983.00000 978.00000 975.00000 974.00000 973.00000 972.00000 972.00000 972.00000 968.00000 967.00000 963.00000 964.00000 970.00000
1009.00000 1014.00000 1018.00000 1022.00000 1025.00000 1027.00000 1030.00000 1033.00000 1036.00000 1040.00000 1047.00000 1053.00000 1058.00000 1063.00000 1069.00000 1074.00000 1080.00000 1088.00000 1095.00000 1100.00000 1102.00000 1103.00000 1103.00000 1102.00000 1105.00000 1105.00000 1104.00000 1103.00000 1104.00000 1104.00000 1102.00000 1096.00000 1090.00000 1083.00000 1075.00000 1068.00000 1058.00000 1047.00000 1035.00000 1019.00000 1007.00000 995.00000 985.00000 979.00000 970.00000 967.00000 965.00000 965.00000 966.00000 965.00000 964.00000 961.00000 956.00000 951.00000 948.00000 949.00000 955.00000
1013.00000 1017.00000 1021.00000 1024.00000 1028.00000 1030.00000 1033.00000 1035.00000 1037.00000 1040.00000 1045.00000 1050.00000 1053.00000 1057.00000 1063.00000 1068.00000 1074.00000 1080.00000 1085.00000 1088.00000 1089.00000 1090.00000 1091.00000 1090.00000 1092.00000 1093.00000 1093.00000 1091.00000 1090.00000 1090.00000 1089.00000 1085.00000 1079.00000 1075.00000 1069.00000 1061.00000 1050.00000 1038.00000 1027.00000 1011.00000 999.00000 988.00000 977.00000 964.00000 957.00000 955.00000 955.00000 956.00000 957.00000 955.00000 953.00000 947.00000 941.00000 938.00000 937.00000 938.00000 941.00000
1016.00000 1020.00000 1022.00000 1026.00000 1027.00000 1029.00000 1031.00000 1033.00000 1036.00000 1037.00000 1041.00000 1045.00000 1046.00000 1049.00000 1053.00000 1062.00000 1070.00000 1072.00000 1075.00000 1076.00000 1077.00000 1077.00000 1078.00000 1078.00000 1078.00000 1079.00000 1079.00000 1079.00000 1078.00000 1078.00000 1077.00000 1075.00000 1071.00000 1067.00000 1062.00000 1048.00000 1038.00000 1029.00000 1015.00000 1003.00000 991.00000 980.00000 966.00000 954.00000 946.00000 944.00000 944.00000 944.00000 945.00000 943.00000 940.00000 937.00000 933.00000 932.00000 935.00000 939.00000 941.00000
1016.00000 1021.00000 1023.00000 1024.00000 1024.00000 1026.00000 1028.00000 1030.00000 1032.00000 1035.00000 1035.00000 1040.00000 1040.00000 1040.00000 1043.00000 1051.00000 1062.00000 1065.00000 1067.00000 1068.00000 1068.00000 1067.00000 1066.00000 1067.00000 1067.00000 1067.00000 1068.00000 1067.00000 1068.00000 1068.00000 1067.00000 1066.00000 1064.00000 1058.00000 1046.00000 1036.00000 1029.00000 1020.00000 1009.00000 995.00000 984.00000 971.00000 955.00000 940.00000 932.00000 930.00000 930.00000 931.00000 930.00000 930.00098 930.00201 930.00385 931.00000 937.00000 941.00000 945.00000 942.00000
1012.00000 1017.00000 1020.00000 1021.00000 1021.00000 1023.00000 1025.00000 1027.00000 1029.00000 1030.00000 1028.00000 1028.00000 1022.00000 1020.00000 1026.00000 1035.00000 1043.00000 1052.00000 1056.00000 1057.00000 1056.00000 1055.00000 1053.00000 1054.00000 1054.00000 1054.00000 1055.00000 1056.00000 1057.00000 1058.00000 1057.00000 1053.00000 1048.00000 1039.00000 1034.00000 1028.00000 1021.00000 1013.00000 1002.00000 988.00000 976.00000 960.00000 942.00000 927.00000 919.00000 918.00000 919.00000 918.00000 918.00000 919.00000 930.00244 933.00000 939.00000 946.00000 953.00000 953.00000 949.00000
1007.00000 1012.00000 1014.00000 1015.00000 1017.00000 1020.00000 1022.00000 1024.00000 1025.00000 1025.00000 1022.00000 1017.00000 1014.00000 1012.00000 1015.00000 1018.00000 1024.00000 1030.00000 1034.00000 1036.00000 1038.00000 1038.00000 1038.00000 1038.00000 1038.00000 1038.00000 1040.00000 1042.00000 1044.00000 1043.00000 1042.00000 1036.00000 1033.00000 1029.00000 1024.00000 1019.00000 1014.00000 1007.00000 996.00000 980.00000 967.00000 949.00000 931.00000 918.00000 914.00000 914.00000 915.00000 917.00000 919.00000 930.00385 934.00000 940.00000 949.00000 958.00000 965.00000 961.00000 955.00000
1001.00000 1006.00000 1008.00000 1010.00000 1011.00000 1014.00000 1016.00000 1020.00000 1020.00000 1017.00000 1009.00000 1004.00000 1004.00000 1004.00000 1008.00000 1011.00000 1015.00000 1018.00000 1019.00000 1021.00000 1024.00000 1025.00000 1024.00000 1022.00000 1022.00000 1024.00000 1026.00000 1027.00000 1027.00000 1027.00000 1026.00000 1023.00000 1020.00000 1018.00000 1015.00000 1012.00000 1007.00000 1001.00000 987.00000 972.00000 957.00000 938.00000 920.00000 915.00000 911.00000 915.00000 918.00000 922.00000 933.00000 939.00000 945.00000 954.00000 963.00000 980.00000 981.00000 973.00000 962.00000
