32
640 480
510 510 320 240
-0.106465 0.122191 0.98678 0.0355757
-0.794604 -0.607036 -0.0105625 0.325739
0.597721 -0.785224 0.161721 2.09611
0 0 0 1
510 510 320 240
-0.12448 0.130336 0.983625 -0.047561
-0.800481 -0.598956 -0.021938 0.292353
0.586288 -0.790104 0.17889 2.08259
0 0 0 1
510 510 320 240
-0.124016 0.13524 0.983021 -0.0360291
-0.786626 -0.617264 -0.0143188 0.301088
0.604847 -0.775045 0.182934 2.13366
0 0 0 1
510 510 320 240
-0.138268 0.149363 0.979067 -0.0207922
-0.748769 -0.662815 -0.00462764 0.348447
0.64825 -0.733735 0.203485 2.25107
0 0 0 1
510 510 320 240
-0.14921 0.188015 0.970766 -0.0397307
-0.707783 -0.705878 0.027924 0.441024
0.690493 -0.682925 0.238398 2.38942
0 0 0 1
510 510 320 240
-0.122924 0.187164 0.974607 0.0884362
-0.630492 -0.773127 0.0689498 0.630839
0.7664 -0.606007 0.213041 2.47023
0 0 0 1
510 510 320 240
-0.0250432 0.134162 0.990643 0.39142
-0.67529 -0.732958 0.082193 0.416062
0.737127 -0.666913 0.108954 2.46654
0 0 0 1
510 510 320 240
-0.120027 0.108702 0.986802 0.0468591
-0.718648 -0.69529 -0.0108204 0.145974
0.684937 -0.710462 0.161572 2.38923
0 0 0 1
510 510 320 240
-0.21238 0.14726 0.966027 -0.245128
-0.73058 -0.680453 -0.0568898 0.158555
0.648958 -0.717843 0.2521 2.32386
0 0 0 1
510 510 320 240
-0.298383 0.183871 0.936568 -0.477578
-0.712706 -0.695601 -0.0904988 0.304692
0.634837 -0.6945 0.338601 2.21194
0 0 0 1
510 510 320 240
-0.230417 0.131062 0.964225 -0.182646
-0.696913 -0.713779 -0.0695188 0.360352
0.679132 -0.687999 0.255806 2.26277
0 0 0 1
510 510 320 240
-0.117212 0.0839683 0.989551 0.106631
-0.662037 -0.749324 -0.0148339 0.429482
0.740249 -0.656858 0.14342 2.27501
0 0 0 1
510 510 320 240
-0.0585775 0.0920348 0.994031 0.292712
-0.65383 -0.755987 0.0314652 0.459824
0.75437 -0.648084 0.104459 2.32886
0 0 0 1
510 510 320 240
-0.000483531 0.105862 0.994381 0.452469
-0.642228 -0.762239 0.0808361 0.550508
0.766513 -0.63858 0.0683563 2.34412
0 0 0 1
510 510 320 240
0.040616 0.134587 0.990069 0.65202
-0.634253 -0.762181 0.129628 0.74025
0.772058 -0.633219 0.0544057 2.24816
0 0 0 1
510 510 320 240
0.0880201 0.113626 0.989617 0.849323
-0.629714 -0.763427 0.143664 0.883941
0.771824 -0.635821 0.00435507 2.14319
0 0 0 1
510 510 320 240
0.066526 0.110317 0.991668 0.730771
-0.660429 -0.740133 0.12664 0.925666
0.747936 -0.66335 0.0236185 2.09661
0 0 0 1
510 510 320 240
-0.00107587 0.110827 0.993839 0.462624
-0.702712 -0.707175 0.0780989 0.862352
0.711473 -0.698299 0.07864 2.03054
0 0 0 1
510 510 320 240
-0.116026 0.109579 0.987183 0.182091
-0.716381 -0.697676 -0.0067553 0.738741
0.687994 -0.707983 0.159449 1.99054
0 0 0 1
510 510 320 240
-0.27646 0.0914896 0.956661 -0.0747223
-0.657429 -0.744088 -0.118827 0.633394
0.700968 -0.661787 0.265859 2.11256
0 0 0 1
510 510 320 240
-0.308261 0.0860043 0.947406 -0.10218
-0.509919 -0.855685 -0.0882363 1.03834
0.803093 -0.5103 0.30763 2.04747
0 0 0 1
510 510 320 240
-0.327547 0.0834311 0.941144 -0.0983776
-0.315968 -0.948417 -0.0258907 1.50695
0.890437 -0.305852 0.337012 1.83055
0 0 0 1
510 510 320 240
-0.284378 0.0764234 0.955661 -0.153352
-0.294932 -0.955451 -0.0113569 1.52005
0.912219 -0.285085 0.294249 1.77224
0 0 0 1
510 510 320 240
-0.215613 0.134158 0.967219 -0.0465237
-0.532563 -0.846389 -0.00132098 1.27788
0.818467 -0.51539 0.25394 2.50812
0 0 0 1
510 510 320 240
-0.149563 0.190308 0.970265 0.114337
-0.55049 -0.831174 0.078171 0.965191
0.821335 -0.52243 0.229075 2.29134
0 0 0 1
510 510 320 240
-0.115535 0.187418 0.975462 0.295543
-0.457369 -0.881778 0.115247 1.04768
0.88174 -0.432831 0.187596 2.33731
0 0 0 1
510 510 320 240
-0.0232239 0.206982 0.978069 0.624863
-0.395395 -0.900466 0.181171 0.989783
0.918217 -0.382517 0.102752 2.4843
0 0 0 1
510 510 320 240
0.169912 0.101276 0.980241 1.24976
-0.44663 -0.878765 0.168209 0.87204
0.878437 -0.466386 -0.104079 2.26097
0 0 0 1
510 510 320 240
0.342627 0.0512368 0.938073 1.74014
-0.483919 -0.846231 0.222969 0.823658
0.805251 -0.530346 -0.265147 1.96426
0 0 0 1
510 510 320 240
-0.0292828 0.0333226 0.999016 0.646164
-0.597558 -0.801772 0.00922806 0.366195
0.801291 -0.5967 0.0433903 2.25753
0 0 0 1
510 510 320 240
-0.198701 0.0941792 0.975525 0.0400138
-0.652916 -0.755042 -0.0600965 0.271102
0.730903 -0.648877 0.211519 2.32051
0 0 0 1
510 510 320 240
-0.177566 0.0754893 0.981209 -0.239525
-0.687957 -0.722472 -0.068914 0.157589
0.703694 -0.687266 0.18022 2.17536
0 0 0 1
